Episode 0:
Customer_x:[[ 3.96]
 [ 6.82]
 [-2.28]
 [ 1.  ]
 [-6.35]
 [ 5.89]
 [-2.86]
 [-4.41]
 [ 5.22]
 [-0.2 ]]:
Customer_y:[[-3.08]
 [-6.01]
 [ 6.39]
 [-8.92]
 [-7.14]
 [-5.63]
 [ 1.64]
 [-2.72]
 [ 1.27]
 [-0.5 ]]:
Customer_d:[[11.31]
 [40.27]
 [37.16]
 [39.82]
 [20.68]
 [13.7 ]
 [36.29]
 [34.55]
 [41.07]
 [28.54]]:
UAV_obs:[array([  2.  ,   0.  ,   0.93,   0.  , 100.  ,   1.47,   0.  ,   8.06,
         2.  ,   2.  ,   2.  ,   2.  ,   2.  ,   2.  ,   2.  ,   2.  ,
         2.  ,   2.  ]), array([  0.,   0.,   0.,   0., 100.,   0.,   0.,   0.,   0.,   0.,   0.,
         0.,   0.,   0.,   0.,   0.,   0.,   0.]), array([  0.,   0.,   0.,   0., 100.,   0.,   0.,   0.,   0.,   0.,   0.,
         0.,   0.,   0.,   0.,   0.,   0.,   0.])]:
UAV1 routes: 5-6-1-0-7-0-9-0-8-0-10-0-3-0-4-0-2-0, cost: 45.02466222566602
UAV2 routes: , cost: 0
UAV3 routes: , cost: 0
Total reward: 45.02466222566602
Total cost: [18.65]
Episode 1:
Customer_x:[[ 3.96]
 [ 6.82]
 [-2.28]
 [ 1.  ]
 [-6.35]
 [ 5.89]
 [-2.86]
 [-4.41]
 [ 5.22]
 [-0.2 ]]:
Customer_y:[[-3.08]
 [-6.01]
 [ 6.39]
 [-8.92]
 [-7.14]
 [-5.63]
 [ 1.64]
 [-2.72]
 [ 1.27]
 [-0.5 ]]:
Customer_d:[[11.31]
 [40.27]
 [37.16]
 [39.82]
 [20.68]
 [13.7 ]
 [36.29]
 [34.55]
 [41.07]
 [28.54]]:
UAV_obs:[array([  4.  ,   0.  ,   0.95,   0.  , 100.  ,   1.36,   0.  ,   6.21,
         2.  ,   0.  ,   2.  ,   2.  ,   2.  ,   2.  ,   0.  ,   2.  ,
         2.  ,   2.  ]), array([  0.,   0.,   0.,   0., 100.,   0.,   0.,   0.,   0.,   0.,   0.,
         0.,   0.,   0.,   0.,   0.,   0.,   0.]), array([  2.  ,   0.  ,   0.87,   0.  , 100.  ,   0.94,   0.  ,   1.88,
         0.  ,   2.  ,   0.  ,   0.  ,   0.  ,   0.  ,   2.  ,   0.  ,
         0.  ,   0.  ])]:
UAV1 routes: 5-6-1-0-9-0-8-0-10-0-3-0-4-0, cost: 38.24952035534196
UAV2 routes: , cost: 0
UAV3 routes: 7-0-2-0, cost: 12.854896627382908
Total reward: 51.104416982724864
Total cost: [18.79]
Episode 2:
Customer_x:[[ 3.96]
 [ 6.82]
 [-2.28]
 [ 1.  ]
 [-6.35]
 [ 5.89]
 [-2.86]
 [-4.41]
 [ 5.22]
 [-0.2 ]]:
Customer_y:[[-3.08]
 [-6.01]
 [ 6.39]
 [-8.92]
 [-7.14]
 [-5.63]
 [ 1.64]
 [-2.72]
 [ 1.27]
 [-0.5 ]]:
Customer_d:[[11.31]
 [40.27]
 [37.16]
 [39.82]
 [20.68]
 [13.7 ]
 [36.29]
 [34.55]
 [41.07]
 [28.54]]:
UAV_obs:[array([  2.  ,   0.  ,   0.93,   0.  , 100.  ,   1.47,   0.  ,   8.06,
         2.  ,   2.  ,   2.  ,   2.  ,   2.  ,   2.  ,   2.  ,   2.  ,
         2.  ,   2.  ]), array([  0.,   0.,   0.,   0., 100.,   0.,   0.,   0.,   0.,   0.,   0.,
         0.,   0.,   0.,   0.,   0.,   0.,   0.]), array([  0.,   0.,   0.,   0., 100.,   0.,   0.,   0.,   0.,   0.,   0.,
         0.,   0.,   0.,   0.,   0.,   0.,   0.])]:
UAV1 routes: 5-6-1-0-7-0-9-0-8-0-10-0-3-0-4-0-2-0, cost: 45.02466222566602
UAV2 routes: , cost: 0
UAV3 routes: , cost: 0
Total reward: 45.02466222566602
Total cost: [18.65]
Episode 3:
Customer_x:[[ 3.96]
 [ 6.82]
 [-2.28]
 [ 1.  ]
 [-6.35]
 [ 5.89]
 [-2.86]
 [-4.41]
 [ 5.22]
 [-0.2 ]]:
Customer_y:[[-3.08]
 [-6.01]
 [ 6.39]
 [-8.92]
 [-7.14]
 [-5.63]
 [ 1.64]
 [-2.72]
 [ 1.27]
 [-0.5 ]]:
Customer_d:[[11.31]
 [40.27]
 [37.16]
 [39.82]
 [20.68]
 [13.7 ]
 [36.29]
 [34.55]
 [41.07]
 [28.54]]:
UAV_obs:[array([  2.  ,   0.  ,   0.93,   0.  , 100.  ,   1.47,   0.  ,   8.06,
         2.  ,   2.  ,   2.  ,   2.  ,   2.  ,   2.  ,   2.  ,   2.  ,
         2.  ,   2.  ]), array([  0.,   0.,   0.,   0., 100.,   0.,   0.,   0.,   0.,   0.,   0.,
         0.,   0.,   0.,   0.,   0.,   0.,   0.]), array([  0.,   0.,   0.,   0., 100.,   0.,   0.,   0.,   0.,   0.,   0.,
         0.,   0.,   0.,   0.,   0.,   0.,   0.])]:
UAV1 routes: 5-6-1-0-7-0-9-0-8-0-10-0-3-0-4-0-2-0, cost: 45.02466222566602
UAV2 routes: , cost: 0
UAV3 routes: , cost: 0
Total reward: 45.02466222566602
Total cost: [18.65]
Episode 4:
Customer_x:[[ 3.96]
 [ 6.82]
 [-2.28]
 [ 1.  ]
 [-6.35]
 [ 5.89]
 [-2.86]
 [-4.41]
 [ 5.22]
 [-0.2 ]]:
Customer_y:[[-3.08]
 [-6.01]
 [ 6.39]
 [-8.92]
 [-7.14]
 [-5.63]
 [ 1.64]
 [-2.72]
 [ 1.27]
 [-0.5 ]]:
Customer_d:[[11.31]
 [40.27]
 [37.16]
 [39.82]
 [20.68]
 [13.7 ]
 [36.29]
 [34.55]
 [41.07]
 [28.54]]:
UAV_obs:[array([  2.  ,   0.  ,   0.93,   0.  , 100.  ,   1.47,   0.  ,   8.06,
         2.  ,   2.  ,   2.  ,   2.  ,   2.  ,   2.  ,   2.  ,   2.  ,
         2.  ,   2.  ]), array([  0.,   0.,   0.,   0., 100.,   0.,   0.,   0.,   0.,   0.,   0.,
         0.,   0.,   0.,   0.,   0.,   0.,   0.]), array([  0.,   0.,   0.,   0., 100.,   0.,   0.,   0.,   0.,   0.,   0.,
         0.,   0.,   0.,   0.,   0.,   0.,   0.])]:
UAV1 routes: 5-6-1-0-7-0-9-0-8-0-10-0-3-0-4-0-2-0, cost: 45.02466222566602
UAV2 routes: , cost: 0
UAV3 routes: , cost: 0
Total reward: 45.02466222566602
Total cost: [18.65]
Episode 5:
Customer_x:[[ 3.96]
 [ 6.82]
 [-2.28]
 [ 1.  ]
 [-6.35]
 [ 5.89]
 [-2.86]
 [-4.41]
 [ 5.22]
 [-0.2 ]]:
Customer_y:[[-3.08]
 [-6.01]
 [ 6.39]
 [-8.92]
 [-7.14]
 [-5.63]
 [ 1.64]
 [-2.72]
 [ 1.27]
 [-0.5 ]]:
Customer_d:[[11.31]
 [40.27]
 [37.16]
 [39.82]
 [20.68]
 [13.7 ]
 [36.29]
 [34.55]
 [41.07]
 [28.54]]:
UAV_obs:[array([  4.  ,   0.  ,   0.94,   0.  , 100.  ,   1.4 ,   0.  ,   7.04,
         2.  ,   0.  ,   2.  ,   2.  ,   2.  ,   2.  ,   2.  ,   2.  ,
         2.  ,   2.  ]), array([  0.,   0.,   0.,   0., 100.,   0.,   0.,   0.,   0.,   0.,   0.,
         0.,   0.,   0.,   0.,   0.,   0.,   0.]), array([  2.  ,   0.  ,   0.87,   0.  , 100.  ,   0.62,   0.  ,   1.02,
         0.  ,   2.  ,   0.  ,   0.  ,   0.  ,   0.  ,   0.  ,   0.  ,
         0.  ,   0.  ])]:
UAV1 routes: 5-6-1-0-7-0-9-0-8-0-10-0-3-0-4-0, cost: 41.740074627701595
UAV2 routes: , cost: 0
UAV3 routes: 2-0, cost: 7.034553241811018
Total reward: 48.774627869512614
Total cost: [18.65]
Episode 6:
Customer_x:[[ 3.96]
 [ 6.82]
 [-2.28]
 [ 1.  ]
 [-6.35]
 [ 5.89]
 [-2.86]
 [-4.41]
 [ 5.22]
 [-0.2 ]]:
Customer_y:[[-3.08]
 [-6.01]
 [ 6.39]
 [-8.92]
 [-7.14]
 [-5.63]
 [ 1.64]
 [-2.72]
 [ 1.27]
 [-0.5 ]]:
Customer_d:[[11.31]
 [40.27]
 [37.16]
 [39.82]
 [20.68]
 [13.7 ]
 [36.29]
 [34.55]
 [41.07]
 [28.54]]:
UAV_obs:[array([  2.  ,   0.  ,   0.93,   0.  , 100.  ,   1.47,   0.  ,   8.06,
         2.  ,   2.  ,   2.  ,   2.  ,   2.  ,   2.  ,   2.  ,   2.  ,
         2.  ,   2.  ]), array([  0.,   0.,   0.,   0., 100.,   0.,   0.,   0.,   0.,   0.,   0.,
         0.,   0.,   0.,   0.,   0.,   0.,   0.]), array([  0.,   0.,   0.,   0., 100.,   0.,   0.,   0.,   0.,   0.,   0.,
         0.,   0.,   0.,   0.,   0.,   0.,   0.])]:
UAV1 routes: 5-6-1-0-7-0-9-0-8-0-10-0-3-0-4-0-2-0, cost: 45.02466222566602
UAV2 routes: , cost: 0
UAV3 routes: , cost: 0
Total reward: 45.02466222566602
Total cost: [18.65]
Episode 7:
Customer_x:[[ 3.96]
 [ 6.82]
 [-2.28]
 [ 1.  ]
 [-6.35]
 [ 5.89]
 [-2.86]
 [-4.41]
 [ 5.22]
 [-0.2 ]]:
Customer_y:[[-3.08]
 [-6.01]
 [ 6.39]
 [-8.92]
 [-7.14]
 [-5.63]
 [ 1.64]
 [-2.72]
 [ 1.27]
 [-0.5 ]]:
Customer_d:[[11.31]
 [40.27]
 [37.16]
 [39.82]
 [20.68]
 [13.7 ]
 [36.29]
 [34.55]
 [41.07]
 [28.54]]:
UAV_obs:[array([  2.  ,   0.  ,   0.93,   0.  , 100.  ,   1.47,   0.  ,   8.06,
         2.  ,   2.  ,   2.  ,   2.  ,   2.  ,   2.  ,   2.  ,   2.  ,
         2.  ,   2.  ]), array([  0.,   0.,   0.,   0., 100.,   0.,   0.,   0.,   0.,   0.,   0.,
         0.,   0.,   0.,   0.,   0.,   0.,   0.]), array([  0.,   0.,   0.,   0., 100.,   0.,   0.,   0.,   0.,   0.,   0.,
         0.,   0.,   0.,   0.,   0.,   0.,   0.])]:
UAV1 routes: 5-6-1-0-7-0-9-0-8-0-10-0-3-0-4-0-2-0, cost: 45.02466222566602
UAV2 routes: , cost: 0
UAV3 routes: , cost: 0
Total reward: 45.02466222566602
Total cost: [18.65]
Episode 8:
Customer_x:[[ 3.96]
 [ 6.82]
 [-2.28]
 [ 1.  ]
 [-6.35]
 [ 5.89]
 [-2.86]
 [-4.41]
 [ 5.22]
 [-0.2 ]]:
Customer_y:[[-3.08]
 [-6.01]
 [ 6.39]
 [-8.92]
 [-7.14]
 [-5.63]
 [ 1.64]
 [-2.72]
 [ 1.27]
 [-0.5 ]]:
Customer_d:[[11.31]
 [40.27]
 [37.16]
 [39.82]
 [20.68]
 [13.7 ]
 [36.29]
 [34.55]
 [41.07]
 [28.54]]:
UAV_obs:[array([  2.  ,   0.  ,   0.93,   0.  , 100.  ,   1.47,   0.  ,   8.06,
         2.  ,   2.  ,   2.  ,   2.  ,   2.  ,   2.  ,   2.  ,   2.  ,
         2.  ,   2.  ]), array([  0.,   0.,   0.,   0., 100.,   0.,   0.,   0.,   0.,   0.,   0.,
         0.,   0.,   0.,   0.,   0.,   0.,   0.]), array([  0.,   0.,   0.,   0., 100.,   0.,   0.,   0.,   0.,   0.,   0.,
         0.,   0.,   0.,   0.,   0.,   0.,   0.])]:
UAV1 routes: 5-6-1-0-7-0-9-0-8-0-10-0-3-0-4-0-2-0, cost: 45.02466222566602
UAV2 routes: , cost: 0
UAV3 routes: , cost: 0
Total reward: 45.02466222566602
Total cost: [18.65]
Episode 9:
Customer_x:[[ 3.96]
 [ 6.82]
 [-2.28]
 [ 1.  ]
 [-6.35]
 [ 5.89]
 [-2.86]
 [-4.41]
 [ 5.22]
 [-0.2 ]]:
Customer_y:[[-3.08]
 [-6.01]
 [ 6.39]
 [-8.92]
 [-7.14]
 [-5.63]
 [ 1.64]
 [-2.72]
 [ 1.27]
 [-0.5 ]]:
Customer_d:[[11.31]
 [40.27]
 [37.16]
 [39.82]
 [20.68]
 [13.7 ]
 [36.29]
 [34.55]
 [41.07]
 [28.54]]:
UAV_obs:[array([  2.  ,   0.  ,   0.93,   0.  , 100.  ,   1.47,   0.  ,   8.06,
         2.  ,   2.  ,   2.  ,   2.  ,   2.  ,   2.  ,   2.  ,   2.  ,
         2.  ,   2.  ]), array([  0.,   0.,   0.,   0., 100.,   0.,   0.,   0.,   0.,   0.,   0.,
         0.,   0.,   0.,   0.,   0.,   0.,   0.]), array([  0.,   0.,   0.,   0., 100.,   0.,   0.,   0.,   0.,   0.,   0.,
         0.,   0.,   0.,   0.,   0.,   0.,   0.])]:
UAV1 routes: 5-6-1-0-7-0-9-0-8-0-10-0-3-0-4-0-2-0, cost: 45.02466222566602
UAV2 routes: , cost: 0
UAV3 routes: , cost: 0
Total reward: 45.02466222566602
Total cost: [18.65]
Episode 10:
Customer_x:[[ 3.96]
 [ 6.82]
 [-2.28]
 [ 1.  ]
 [-6.35]
 [ 5.89]
 [-2.86]
 [-4.41]
 [ 5.22]
 [-0.2 ]]:
Customer_y:[[-3.08]
 [-6.01]
 [ 6.39]
 [-8.92]
 [-7.14]
 [-5.63]
 [ 1.64]
 [-2.72]
 [ 1.27]
 [-0.5 ]]:
Customer_d:[[11.31]
 [40.27]
 [37.16]
 [39.82]
 [20.68]
 [13.7 ]
 [36.29]
 [34.55]
 [41.07]
 [28.54]]:
UAV_obs:[array([  2.  ,   0.  ,   0.93,   0.  , 100.  ,   1.47,   0.  ,   8.06,
         2.  ,   2.  ,   2.  ,   2.  ,   2.  ,   2.  ,   2.  ,   2.  ,
         2.  ,   2.  ]), array([  0.,   0.,   0.,   0., 100.,   0.,   0.,   0.,   0.,   0.,   0.,
         0.,   0.,   0.,   0.,   0.,   0.,   0.]), array([  0.,   0.,   0.,   0., 100.,   0.,   0.,   0.,   0.,   0.,   0.,
         0.,   0.,   0.,   0.,   0.,   0.,   0.])]:
UAV1 routes: 5-6-1-0-7-0-9-0-8-0-10-0-3-0-4-0-2-0, cost: 45.02466222566602
UAV2 routes: , cost: 0
UAV3 routes: , cost: 0
Total reward: 45.02466222566602
Total cost: [18.65]
Episode 11:
Customer_x:[[ 3.96]
 [ 6.82]
 [-2.28]
 [ 1.  ]
 [-6.35]
 [ 5.89]
 [-2.86]
 [-4.41]
 [ 5.22]
 [-0.2 ]]:
Customer_y:[[-3.08]
 [-6.01]
 [ 6.39]
 [-8.92]
 [-7.14]
 [-5.63]
 [ 1.64]
 [-2.72]
 [ 1.27]
 [-0.5 ]]:
Customer_d:[[11.31]
 [40.27]
 [37.16]
 [39.82]
 [20.68]
 [13.7 ]
 [36.29]
 [34.55]
 [41.07]
 [28.54]]:
UAV_obs:[array([  2.  ,   0.  ,   0.9 ,   0.  , 100.  ,   1.48,   0.  ,   6.83,
         2.  ,   2.  ,   2.  ,   2.  ,   0.  ,   2.  ,   2.  ,   2.  ,
         2.  ,   2.  ]), array([  0.,   0.,   0.,   0., 100.,   0.,   0.,   0.,   0.,   0.,   0.,
         0.,   0.,   0.,   0.,   0.,   0.,   0.]), array([  5.  ,   0.  ,   1.1 ,   0.  , 100.  ,   0.63,   0.  ,   1.26,
         0.  ,   0.  ,   0.  ,   0.  ,   2.  ,   0.  ,   0.  ,   0.  ,
         0.  ,   0.  ])]:
UAV1 routes: 3-1-0-7-6-0-9-0-8-0-10-0-4-0-2-0, cost: 41.42424275521662
UAV2 routes: , cost: 0
UAV3 routes: 5-0, cost: 6.428843636840369
Total reward: 47.85308639205699
Total cost: [17.62]
Episode 12:
Customer_x:[[ 3.96]
 [ 6.82]
 [-2.28]
 [ 1.  ]
 [-6.35]
 [ 5.89]
 [-2.86]
 [-4.41]
 [ 5.22]
 [-0.2 ]]:
Customer_y:[[-3.08]
 [-6.01]
 [ 6.39]
 [-8.92]
 [-7.14]
 [-5.63]
 [ 1.64]
 [-2.72]
 [ 1.27]
 [-0.5 ]]:
Customer_d:[[11.31]
 [40.27]
 [37.16]
 [39.82]
 [20.68]
 [13.7 ]
 [36.29]
 [34.55]
 [41.07]
 [28.54]]:
UAV_obs:[array([  2.  ,   0.  ,   0.93,   0.  , 100.  ,   1.47,   0.  ,   8.06,
         2.  ,   2.  ,   2.  ,   2.  ,   2.  ,   2.  ,   2.  ,   2.  ,
         2.  ,   2.  ]), array([  0.,   0.,   0.,   0., 100.,   0.,   0.,   0.,   0.,   0.,   0.,
         0.,   0.,   0.,   0.,   0.,   0.,   0.]), array([  0.,   0.,   0.,   0., 100.,   0.,   0.,   0.,   0.,   0.,   0.,
         0.,   0.,   0.,   0.,   0.,   0.,   0.])]:
UAV1 routes: 5-6-1-0-7-0-9-0-8-0-10-0-3-0-4-0-2-0, cost: 45.02466222566602
UAV2 routes: , cost: 0
UAV3 routes: , cost: 0
Total reward: 45.02466222566602
Total cost: [18.65]
Episode 13:
Customer_x:[[ 3.96]
 [ 6.82]
 [-2.28]
 [ 1.  ]
 [-6.35]
 [ 5.89]
 [-2.86]
 [-4.41]
 [ 5.22]
 [-0.2 ]]:
Customer_y:[[-3.08]
 [-6.01]
 [ 6.39]
 [-8.92]
 [-7.14]
 [-5.63]
 [ 1.64]
 [-2.72]
 [ 1.27]
 [-0.5 ]]:
Customer_d:[[11.31]
 [40.27]
 [37.16]
 [39.82]
 [20.68]
 [13.7 ]
 [36.29]
 [34.55]
 [41.07]
 [28.54]]:
UAV_obs:[array([  2.  ,   0.  ,   0.92,   0.  , 100.  ,   1.44,   0.  ,   7.  ,
         2.  ,   2.  ,   0.  ,   2.  ,   2.  ,   2.  ,   2.  ,   2.  ,
         2.  ,   2.  ]), array([  0.,   0.,   0.,   0., 100.,   0.,   0.,   0.,   0.,   0.,   0.,
         0.,   0.,   0.,   0.,   0.,   0.,   0.]), array([  3.  ,   0.  ,   0.88,   0.  , 100.  ,   0.58,   0.  ,   1.  ,
         0.  ,   0.  ,   2.  ,   0.  ,   0.  ,   0.  ,   0.  ,   0.  ,
         0.  ,   0.  ])]:
UAV1 routes: 5-6-1-0-7-0-9-0-8-0-10-0-4-0-2-0, cost: 41.9227265463582
UAV2 routes: , cost: 0
UAV3 routes: 3-0, cost: 7.268346789021995
Total reward: 49.191073335380196
Total cost: [18.26]
Episode 14:
Customer_x:[[ 3.96]
 [ 6.82]
 [-2.28]
 [ 1.  ]
 [-6.35]
 [ 5.89]
 [-2.86]
 [-4.41]
 [ 5.22]
 [-0.2 ]]:
Customer_y:[[-3.08]
 [-6.01]
 [ 6.39]
 [-8.92]
 [-7.14]
 [-5.63]
 [ 1.64]
 [-2.72]
 [ 1.27]
 [-0.5 ]]:
Customer_d:[[11.31]
 [40.27]
 [37.16]
 [39.82]
 [20.68]
 [13.7 ]
 [36.29]
 [34.55]
 [41.07]
 [28.54]]:
UAV_obs:[array([  2.  ,   0.  ,   0.93,   0.  , 100.  ,   1.47,   0.  ,   8.06,
         2.  ,   2.  ,   2.  ,   2.  ,   2.  ,   2.  ,   2.  ,   2.  ,
         2.  ,   2.  ]), array([  0.,   0.,   0.,   0., 100.,   0.,   0.,   0.,   0.,   0.,   0.,
         0.,   0.,   0.,   0.,   0.,   0.,   0.]), array([  0.,   0.,   0.,   0., 100.,   0.,   0.,   0.,   0.,   0.,   0.,
         0.,   0.,   0.,   0.,   0.,   0.,   0.])]:
UAV1 routes: 5-6-1-0-7-0-9-0-8-0-10-0-3-0-4-0-2-0, cost: 45.02466222566602
UAV2 routes: , cost: 0
UAV3 routes: , cost: 0
Total reward: 45.02466222566602
Total cost: [18.65]
Episode 15:
Customer_x:[[ 3.96]
 [ 6.82]
 [-2.28]
 [ 1.  ]
 [-6.35]
 [ 5.89]
 [-2.86]
 [-4.41]
 [ 5.22]
 [-0.2 ]]:
Customer_y:[[-3.08]
 [-6.01]
 [ 6.39]
 [-8.92]
 [-7.14]
 [-5.63]
 [ 1.64]
 [-2.72]
 [ 1.27]
 [-0.5 ]]:
Customer_d:[[11.31]
 [40.27]
 [37.16]
 [39.82]
 [20.68]
 [13.7 ]
 [36.29]
 [34.55]
 [41.07]
 [28.54]]:
UAV_obs:[array([  2.  ,   0.  ,   0.95,   0.  , 100.  ,   1.44,   0.  ,   8.3 ,
         0.  ,   2.  ,   2.  ,   2.  ,   2.  ,   2.  ,   2.  ,   2.  ,
         2.  ,   2.  ]), array([  0.,   0.,   0.,   0., 100.,   0.,   0.,   0.,   0.,   0.,   0.,
         0.,   0.,   0.,   0.,   0.,   0.,   0.]), array([  1.  ,   0.  ,   1.1 ,   0.  , 100.  ,   0.57,   0.  ,   1.18,
         2.  ,   0.  ,   0.  ,   0.  ,   0.  ,   0.  ,   0.  ,   0.  ,
         0.  ,   0.  ])]:
UAV1 routes: 5-6-0-9-0-7-0-8-0-10-0-3-0-4-0-2-0, cost: 37.72978150860891
UAV2 routes: , cost: 0
UAV3 routes: 1-0, cost: 7.103170374549048
Total reward: 44.83295188315796
Total cost: [23.9]
Episode 16:
Customer_x:[[ 3.96]
 [ 6.82]
 [-2.28]
 [ 1.  ]
 [-6.35]
 [ 5.89]
 [-2.86]
 [-4.41]
 [ 5.22]
 [-0.2 ]]:
Customer_y:[[-3.08]
 [-6.01]
 [ 6.39]
 [-8.92]
 [-7.14]
 [-5.63]
 [ 1.64]
 [-2.72]
 [ 1.27]
 [-0.5 ]]:
Customer_d:[[11.31]
 [40.27]
 [37.16]
 [39.82]
 [20.68]
 [13.7 ]
 [36.29]
 [34.55]
 [41.07]
 [28.54]]:
UAV_obs:[array([  2.  ,   0.  ,   1.  ,   0.  , 100.  ,   1.39,   0.  ,   8.27,
         2.  ,   2.  ,   2.  ,   2.  ,   2.  ,   2.  ,   2.  ,   2.  ,
         2.  ,   2.  ]), array([  0.,   0.,   0.,   0., 100.,   0.,   0.,   0.,   0.,   0.,   0.,
         0.,   0.,   0.,   0.,   0.,   0.,   0.]), array([  0.,   0.,   0.,   0., 100.,   0.,   0.,   0.,   0.,   0.,   0.,
         0.,   0.,   0.,   0.,   0.,   0.,   0.])]:
UAV1 routes: 5-6-1-0-7-0-9-0-8-0-10-0-3-0-4-0-2-0, cost: 44.62046696361864
UAV2 routes: , cost: 0
UAV3 routes: , cost: 0
Total reward: 44.62046696361864
Total cost: [19.96]
Episode 17:
Customer_x:[[ 3.96]
 [ 6.82]
 [-2.28]
 [ 1.  ]
 [-6.35]
 [ 5.89]
 [-2.86]
 [-4.41]
 [ 5.22]
 [-0.2 ]]:
Customer_y:[[-3.08]
 [-6.01]
 [ 6.39]
 [-8.92]
 [-7.14]
 [-5.63]
 [ 1.64]
 [-2.72]
 [ 1.27]
 [-0.5 ]]:
Customer_d:[[11.31]
 [40.27]
 [37.16]
 [39.82]
 [20.68]
 [13.7 ]
 [36.29]
 [34.55]
 [41.07]
 [28.54]]:
UAV_obs:[array([  2.  ,   0.  ,   1.03,   0.  , 100.  ,   1.35,   0.  ,   8.86,
         0.  ,   2.  ,   2.  ,   2.  ,   2.  ,   2.  ,   2.  ,   2.  ,
         2.  ,   2.  ]), array([  0.,   0.,   0.,   0., 100.,   0.,   0.,   0.,   0.,   0.,   0.,
         0.,   0.,   0.,   0.,   0.,   0.,   0.]), array([  1.  ,   0.  ,   1.16,   0.  , 100.  ,   0.56,   0.  ,   1.25,
         2.  ,   0.  ,   0.  ,   0.  ,   0.  ,   0.  ,   0.  ,   0.  ,
         0.  ,   0.  ])]:
UAV1 routes: 5-6-0-9-0-7-0-8-0-10-0-3-0-4-0-2-0, cost: 36.791251642507234
UAV2 routes: , cost: 0
UAV3 routes: 1-0, cost: 6.97611381362165
Total reward: 43.767365456128886
Total cost: [27.99]
Episode 18:
Customer_x:[[ 3.96]
 [ 6.82]
 [-2.28]
 [ 1.  ]
 [-6.35]
 [ 5.89]
 [-2.86]
 [-4.41]
 [ 5.22]
 [-0.2 ]]:
Customer_y:[[-3.08]
 [-6.01]
 [ 6.39]
 [-8.92]
 [-7.14]
 [-5.63]
 [ 1.64]
 [-2.72]
 [ 1.27]
 [-0.5 ]]:
Customer_d:[[11.31]
 [40.27]
 [37.16]
 [39.82]
 [20.68]
 [13.7 ]
 [36.29]
 [34.55]
 [41.07]
 [28.54]]:
UAV_obs:[array([  2.  ,   0.  ,   1.01,   0.  , 100.  ,   1.38,   0.  ,   8.62,
         2.  ,   2.  ,   2.  ,   2.  ,   2.  ,   2.  ,   2.  ,   2.  ,
         2.  ,   2.  ]), array([  0.,   0.,   0.,   0., 100.,   0.,   0.,   0.,   0.,   0.,   0.,
         0.,   0.,   0.,   0.,   0.,   0.,   0.]), array([  0.,   0.,   0.,   0., 100.,   0.,   0.,   0.,   0.,   0.,   0.,
         0.,   0.,   0.,   0.,   0.,   0.,   0.])]:
UAV1 routes: 5-6-1-0-7-0-9-0-8-0-10-0-3-0-4-0-2-0, cost: 43.99384214131863
UAV2 routes: , cost: 0
UAV3 routes: , cost: 0
Total reward: 43.99384214131863
Total cost: [22.08]
Episode 19:
Customer_x:[[ 3.96]
 [ 6.82]
 [-2.28]
 [ 1.  ]
 [-6.35]
 [ 5.89]
 [-2.86]
 [-4.41]
 [ 5.22]
 [-0.2 ]]:
Customer_y:[[-3.08]
 [-6.01]
 [ 6.39]
 [-8.92]
 [-7.14]
 [-5.63]
 [ 1.64]
 [-2.72]
 [ 1.27]
 [-0.5 ]]:
Customer_d:[[11.31]
 [40.27]
 [37.16]
 [39.82]
 [20.68]
 [13.7 ]
 [36.29]
 [34.55]
 [41.07]
 [28.54]]:
UAV_obs:[array([  2.  ,   0.  ,   1.07,   0.  , 100.  ,   1.25,   0.  ,   6.11,
         0.  ,   2.  ,   2.  ,   2.  ,   2.  ,   2.  ,   0.  ,   0.  ,
         0.  ,   2.  ]), array([  0.,   0.,   0.,   0., 100.,   0.,   0.,   0.,   0.,   0.,   0.,
         0.,   0.,   0.,   0.,   0.,   0.,   0.]), array([  8.  ,   0.  ,   1.  ,   0.  , 100.  ,   1.05,   0.  ,   3.13,
         2.  ,   0.  ,   0.  ,   0.  ,   0.  ,   0.  ,   2.  ,   2.  ,
         2.  ,   0.  ])]:
UAV1 routes: 5-10-0-6-0-3-0-4-0-2-0, cost: 27.35206883533209
UAV2 routes: , cost: 0
UAV3 routes: 7-1-0-9-0-8-0, cost: 23.43006702650036
Total reward: 50.78213586183245
Total cost: [24.97]
Episode 20:
Customer_x:[[ 3.96]
 [ 6.82]
 [-2.28]
 [ 1.  ]
 [-6.35]
 [ 5.89]
 [-2.86]
 [-4.41]
 [ 5.22]
 [-0.2 ]]:
Customer_y:[[-3.08]
 [-6.01]
 [ 6.39]
 [-8.92]
 [-7.14]
 [-5.63]
 [ 1.64]
 [-2.72]
 [ 1.27]
 [-0.5 ]]:
Customer_d:[[11.31]
 [40.27]
 [37.16]
 [39.82]
 [20.68]
 [13.7 ]
 [36.29]
 [34.55]
 [41.07]
 [28.54]]:
UAV_obs:[array([  2.  ,   0.  ,   1.08,   0.  , 100.  ,   1.28,   0.  ,   9.2 ,
         2.  ,   2.  ,   2.  ,   2.  ,   2.  ,   2.  ,   2.  ,   2.  ,
         2.  ,   2.  ]), array([  0.,   0.,   0.,   0., 100.,   0.,   0.,   0.,   0.,   0.,   0.,
         0.,   0.,   0.,   0.,   0.,   0.,   0.]), array([  0.,   0.,   0.,   0., 100.,   0.,   0.,   0.,   0.,   0.,   0.,
         0.,   0.,   0.,   0.,   0.,   0.,   0.])]:
UAV1 routes: 5-6-1-0-7-0-9-0-8-0-10-0-3-0-4-0-2-0, cost: 43.12193385687421
UAV2 routes: , cost: 0
UAV3 routes: , cost: 0
Total reward: 43.12193385687421
Total cost: [25.9]
Episode 21:
Customer_x:[[ 3.96]
 [ 6.82]
 [-2.28]
 [ 1.  ]
 [-6.35]
 [ 5.89]
 [-2.86]
 [-4.41]
 [ 5.22]
 [-0.2 ]]:
Customer_y:[[-3.08]
 [-6.01]
 [ 6.39]
 [-8.92]
 [-7.14]
 [-5.63]
 [ 1.64]
 [-2.72]
 [ 1.27]
 [-0.5 ]]:
Customer_d:[[11.31]
 [40.27]
 [37.16]
 [39.82]
 [20.68]
 [13.7 ]
 [36.29]
 [34.55]
 [41.07]
 [28.54]]:
UAV_obs:[array([  2.  ,   0.  ,   1.08,   0.  , 100.  ,   1.28,   0.  ,   9.2 ,
         2.  ,   2.  ,   2.  ,   2.  ,   2.  ,   2.  ,   2.  ,   2.  ,
         2.  ,   2.  ]), array([  0.,   0.,   0.,   0., 100.,   0.,   0.,   0.,   0.,   0.,   0.,
         0.,   0.,   0.,   0.,   0.,   0.,   0.]), array([  0.,   0.,   0.,   0., 100.,   0.,   0.,   0.,   0.,   0.,   0.,
         0.,   0.,   0.,   0.,   0.,   0.,   0.])]:
UAV1 routes: 5-6-1-0-7-0-9-0-8-0-10-0-3-0-4-0-2-0, cost: 43.12193385687421
UAV2 routes: , cost: 0
UAV3 routes: , cost: 0
Total reward: 43.12193385687421
Total cost: [25.9]
Episode 22:
Customer_x:[[ 3.96]
 [ 6.82]
 [-2.28]
 [ 1.  ]
 [-6.35]
 [ 5.89]
 [-2.86]
 [-4.41]
 [ 5.22]
 [-0.2 ]]:
Customer_y:[[-3.08]
 [-6.01]
 [ 6.39]
 [-8.92]
 [-7.14]
 [-5.63]
 [ 1.64]
 [-2.72]
 [ 1.27]
 [-0.5 ]]:
Customer_d:[[11.31]
 [40.27]
 [37.16]
 [39.82]
 [20.68]
 [13.7 ]
 [36.29]
 [34.55]
 [41.07]
 [28.54]]:
UAV_obs:[array([  2.  ,   0.  ,   1.16,   0.  , 100.  ,   1.18,   0.  ,   9.78,
         2.  ,   2.  ,   2.  ,   2.  ,   2.  ,   2.  ,   2.  ,   2.  ,
         2.  ,   2.  ]), array([  0.,   0.,   0.,   0., 100.,   0.,   0.,   0.,   0.,   0.,   0.,
         0.,   0.,   0.,   0.,   0.,   0.,   0.]), array([  0.,   0.,   0.,   0., 100.,   0.,   0.,   0.,   0.,   0.,   0.,
         0.,   0.,   0.,   0.,   0.,   0.,   0.])]:
UAV1 routes: 5-6-1-0-7-0-9-0-8-0-10-0-3-0-4-0-2-0, cost: 42.409387369843095
UAV2 routes: , cost: 0
UAV3 routes: , cost: 0
Total reward: 42.409387369843095
Total cost: [30.08]
Episode 23:
Customer_x:[[ 3.96]
 [ 6.82]
 [-2.28]
 [ 1.  ]
 [-6.35]
 [ 5.89]
 [-2.86]
 [-4.41]
 [ 5.22]
 [-0.2 ]]:
Customer_y:[[-3.08]
 [-6.01]
 [ 6.39]
 [-8.92]
 [-7.14]
 [-5.63]
 [ 1.64]
 [-2.72]
 [ 1.27]
 [-0.5 ]]:
Customer_d:[[11.31]
 [40.27]
 [37.16]
 [39.82]
 [20.68]
 [13.7 ]
 [36.29]
 [34.55]
 [41.07]
 [28.54]]:
UAV_obs:[array([  2.  ,   0.  ,   1.14,   0.  , 100.  ,   1.18,   0.  ,   8.5 ,
         2.  ,   2.  ,   0.  ,   2.  ,   2.  ,   2.  ,   2.  ,   2.  ,
         2.  ,   2.  ]), array([  0.,   0.,   0.,   0., 100.,   0.,   0.,   0.,   0.,   0.,   0.,
         0.,   0.,   0.,   0.,   0.,   0.,   0.]), array([  3.  ,   0.  ,   1.1 ,   0.  , 100.  ,   0.59,   0.  ,   1.21,
         0.  ,   0.  ,   2.  ,   0.  ,   0.  ,   0.  ,   0.  ,   0.  ,
         0.  ,   0.  ])]:
UAV1 routes: 5-6-1-0-7-0-9-0-8-0-10-0-4-0-2-0, cost: 39.47473543577152
UAV2 routes: , cost: 0
UAV3 routes: 3-0, cost: 6.783045028101928
Total reward: 46.25778046387345
Total cost: [29.51]
Episode 24:
Customer_x:[[ 3.96]
 [ 6.82]
 [-2.28]
 [ 1.  ]
 [-6.35]
 [ 5.89]
 [-2.86]
 [-4.41]
 [ 5.22]
 [-0.2 ]]:
Customer_y:[[-3.08]
 [-6.01]
 [ 6.39]
 [-8.92]
 [-7.14]
 [-5.63]
 [ 1.64]
 [-2.72]
 [ 1.27]
 [-0.5 ]]:
Customer_d:[[11.31]
 [40.27]
 [37.16]
 [39.82]
 [20.68]
 [13.7 ]
 [36.29]
 [34.55]
 [41.07]
 [28.54]]:
UAV_obs:[array([  2.  ,   0.  ,   1.23,   0.  , 100.  ,   1.13,   0.  ,   9.85,
         2.  ,   2.  ,   2.  ,   2.  ,   2.  ,   2.  ,   2.  ,   2.  ,
         2.  ,   2.  ]), array([  0.,   0.,   0.,   0., 100.,   0.,   0.,   0.,   0.,   0.,   0.,
         0.,   0.,   0.,   0.,   0.,   0.,   0.]), array([  0.,   0.,   0.,   0., 100.,   0.,   0.,   0.,   0.,   0.,   0.,
         0.,   0.,   0.,   0.,   0.,   0.,   0.])]:
UAV1 routes: 5-6-1-0-7-0-9-0-8-0-10-0-3-0-4-0-2-0, cost: 42.27096561935685
UAV2 routes: , cost: 0
UAV3 routes: , cost: 0
Total reward: 42.27096561935685
Total cost: [30.65]
Episode 25:
Customer_x:[[ 3.96]
 [ 6.82]
 [-2.28]
 [ 1.  ]
 [-6.35]
 [ 5.89]
 [-2.86]
 [-4.41]
 [ 5.22]
 [-0.2 ]]:
Customer_y:[[-3.08]
 [-6.01]
 [ 6.39]
 [-8.92]
 [-7.14]
 [-5.63]
 [ 1.64]
 [-2.72]
 [ 1.27]
 [-0.5 ]]:
Customer_d:[[11.31]
 [40.27]
 [37.16]
 [39.82]
 [20.68]
 [13.7 ]
 [36.29]
 [34.55]
 [41.07]
 [28.54]]:
UAV_obs:[array([  2.  ,   0.  ,   1.23,   0.  , 100.  ,   1.09,   0.  ,  10.36,
         2.  ,   2.  ,   2.  ,   2.  ,   2.  ,   2.  ,   2.  ,   2.  ,
         2.  ,   2.  ]), array([  0.,   0.,   0.,   0., 100.,   0.,   0.,   0.,   0.,   0.,   0.,
         0.,   0.,   0.,   0.,   0.,   0.,   0.]), array([  0.,   0.,   0.,   0., 100.,   0.,   0.,   0.,   0.,   0.,   0.,
         0.,   0.,   0.,   0.,   0.,   0.,   0.])]:
UAV1 routes: 5-6-1-0-7-0-9-0-8-0-10-0-3-0-4-0-2-0, cost: 41.855605429628774
UAV2 routes: , cost: 0
UAV3 routes: , cost: 0
Total reward: 41.855605429628774
Total cost: [34.6]
Episode 26:
Customer_x:[[ 3.96]
 [ 6.82]
 [-2.28]
 [ 1.  ]
 [-6.35]
 [ 5.89]
 [-2.86]
 [-4.41]
 [ 5.22]
 [-0.2 ]]:
Customer_y:[[-3.08]
 [-6.01]
 [ 6.39]
 [-8.92]
 [-7.14]
 [-5.63]
 [ 1.64]
 [-2.72]
 [ 1.27]
 [-0.5 ]]:
Customer_d:[[11.31]
 [40.27]
 [37.16]
 [39.82]
 [20.68]
 [13.7 ]
 [36.29]
 [34.55]
 [41.07]
 [28.54]]:
UAV_obs:[array([  2.  ,   0.  ,   1.23,   0.  , 100.  ,   1.09,   0.  ,  10.36,
         2.  ,   2.  ,   2.  ,   2.  ,   2.  ,   2.  ,   2.  ,   2.  ,
         2.  ,   2.  ]), array([  0.,   0.,   0.,   0., 100.,   0.,   0.,   0.,   0.,   0.,   0.,
         0.,   0.,   0.,   0.,   0.,   0.,   0.]), array([  0.,   0.,   0.,   0., 100.,   0.,   0.,   0.,   0.,   0.,   0.,
         0.,   0.,   0.,   0.,   0.,   0.,   0.])]:
UAV1 routes: 5-6-1-0-7-0-9-0-8-0-10-0-3-0-4-0-2-0, cost: 41.855605429628774
UAV2 routes: , cost: 0
UAV3 routes: , cost: 0
Total reward: 41.855605429628774
Total cost: [34.6]
Episode 27:
Customer_x:[[ 3.96]
 [ 6.82]
 [-2.28]
 [ 1.  ]
 [-6.35]
 [ 5.89]
 [-2.86]
 [-4.41]
 [ 5.22]
 [-0.2 ]]:
Customer_y:[[-3.08]
 [-6.01]
 [ 6.39]
 [-8.92]
 [-7.14]
 [-5.63]
 [ 1.64]
 [-2.72]
 [ 1.27]
 [-0.5 ]]:
Customer_d:[[11.31]
 [40.27]
 [37.16]
 [39.82]
 [20.68]
 [13.7 ]
 [36.29]
 [34.55]
 [41.07]
 [28.54]]:
UAV_obs:[array([  2.  ,   0.  ,   1.27,   0.  , 100.  ,   1.04,   0.  ,   9.03,
         2.  ,   2.  ,   2.  ,   2.  ,   0.  ,   2.  ,   2.  ,   2.  ,
         2.  ,   2.  ]), array([  0.,   0.,   0.,   0., 100.,   0.,   0.,   0.,   0.,   0.,   0.,
         0.,   0.,   0.,   0.,   0.,   0.,   0.]), array([  5.  ,   0.  ,   1.37,   0.  , 100.  ,   0.58,   0.  ,   1.53,
         0.  ,   0.  ,   0.  ,   0.  ,   2.  ,   0.  ,   0.  ,   0.  ,
         0.  ,   0.  ])]:
UAV1 routes: 3-1-0-7-6-0-9-0-8-0-10-0-4-0-2-0, cost: 37.78816027701906
UAV2 routes: , cost: 0
UAV3 routes: 5-0, cost: 5.937880703640962
Total reward: 43.726040980660024
Total cost: [34.43]
Episode 28:
Customer_x:[[ 3.96]
 [ 6.82]
 [-2.28]
 [ 1.  ]
 [-6.35]
 [ 5.89]
 [-2.86]
 [-4.41]
 [ 5.22]
 [-0.2 ]]:
Customer_y:[[-3.08]
 [-6.01]
 [ 6.39]
 [-8.92]
 [-7.14]
 [-5.63]
 [ 1.64]
 [-2.72]
 [ 1.27]
 [-0.5 ]]:
Customer_d:[[11.31]
 [40.27]
 [37.16]
 [39.82]
 [20.68]
 [13.7 ]
 [36.29]
 [34.55]
 [41.07]
 [28.54]]:
UAV_obs:[array([  2.  ,   0.  ,   1.31,   0.  , 100.  ,   0.99,   0.  ,  10.94,
         2.  ,   2.  ,   2.  ,   2.  ,   2.  ,   2.  ,   2.  ,   2.  ,
         2.  ,   2.  ]), array([  0.,   0.,   0.,   0., 100.,   0.,   0.,   0.,   0.,   0.,   0.,
         0.,   0.,   0.,   0.,   0.,   0.,   0.]), array([  0.,   0.,   0.,   0., 100.,   0.,   0.,   0.,   0.,   0.,   0.,
         0.,   0.,   0.,   0.,   0.,   0.,   0.])]:
UAV1 routes: 5-6-1-0-7-0-9-0-8-0-10-0-3-0-4-0-2-0, cost: 41.459652015049144
UAV2 routes: , cost: 0
UAV3 routes: , cost: 0
Total reward: 41.459652015049144
Total cost: [39.38]
Episode 29:
Customer_x:[[ 3.96]
 [ 6.82]
 [-2.28]
 [ 1.  ]
 [-6.35]
 [ 5.89]
 [-2.86]
 [-4.41]
 [ 5.22]
 [-0.2 ]]:
Customer_y:[[-3.08]
 [-6.01]
 [ 6.39]
 [-8.92]
 [-7.14]
 [-5.63]
 [ 1.64]
 [-2.72]
 [ 1.27]
 [-0.5 ]]:
Customer_d:[[11.31]
 [40.27]
 [37.16]
 [39.82]
 [20.68]
 [13.7 ]
 [36.29]
 [34.55]
 [41.07]
 [28.54]]:
UAV_obs:[array([  2.  ,   0.  ,   1.3 ,   0.  , 100.  ,   1.  ,   0.  ,   8.34,
         2.  ,   2.  ,   2.  ,   2.  ,   2.  ,   0.  ,   0.  ,   2.  ,
         2.  ,   2.  ]), array([  0.,   0.,   0.,   0., 100.,   0.,   0.,   0.,   0.,   0.,   0.,
         0.,   0.,   0.,   0.,   0.,   0.,   0.]), array([  6.  ,   0.  ,   1.11,   0.  , 100.  ,   0.64,   0.  ,   1.35,
         0.  ,   0.  ,   0.  ,   0.  ,   0.  ,   2.  ,   2.  ,   0.  ,
         0.  ,   0.  ])]:
UAV1 routes: 5-10-0-9-0-8-1-0-3-0-4-0-2-0, cost: 33.62801768846091
UAV2 routes: , cost: 0
UAV3 routes: 7-6-0, cost: 14.724167200020238
Total reward: 48.35218488848115
Total cost: [31.93]
Episode 30:
Customer_x:[[ 3.96]
 [ 6.82]
 [-2.28]
 [ 1.  ]
 [-6.35]
 [ 5.89]
 [-2.86]
 [-4.41]
 [ 5.22]
 [-0.2 ]]:
Customer_y:[[-3.08]
 [-6.01]
 [ 6.39]
 [-8.92]
 [-7.14]
 [-5.63]
 [ 1.64]
 [-2.72]
 [ 1.27]
 [-0.5 ]]:
Customer_d:[[11.31]
 [40.27]
 [37.16]
 [39.82]
 [20.68]
 [13.7 ]
 [36.29]
 [34.55]
 [41.07]
 [28.54]]:
UAV_obs:[array([  2.  ,   0.  ,   1.38,   0.  , 100.  ,   0.91,   0.  ,  11.22,
         2.  ,   2.  ,   2.  ,   2.  ,   2.  ,   2.  ,   2.  ,   2.  ,
         2.  ,   2.  ]), array([  0.,   0.,   0.,   0., 100.,   0.,   0.,   0.,   0.,   0.,   0.,
         0.,   0.,   0.,   0.,   0.,   0.,   0.]), array([  0.,   0.,   0.,   0., 100.,   0.,   0.,   0.,   0.,   0.,   0.,
         0.,   0.,   0.,   0.,   0.,   0.,   0.])]:
UAV1 routes: 5-6-1-0-7-0-9-0-8-0-10-0-3-0-4-0-2-0, cost: 41.29968781374731
UAV2 routes: , cost: 0
UAV3 routes: , cost: 0
Total reward: 41.29968781374731
Total cost: [41.85]
Episode 31:
Customer_x:[[ 3.96]
 [ 6.82]
 [-2.28]
 [ 1.  ]
 [-6.35]
 [ 5.89]
 [-2.86]
 [-4.41]
 [ 5.22]
 [-0.2 ]]:
Customer_y:[[-3.08]
 [-6.01]
 [ 6.39]
 [-8.92]
 [-7.14]
 [-5.63]
 [ 1.64]
 [-2.72]
 [ 1.27]
 [-0.5 ]]:
Customer_d:[[11.31]
 [40.27]
 [37.16]
 [39.82]
 [20.68]
 [13.7 ]
 [36.29]
 [34.55]
 [41.07]
 [28.54]]:
UAV_obs:[array([  2.  ,   0.  ,   1.38,   0.  , 100.  ,   0.9 ,   0.  ,  11.5 ,
         2.  ,   2.  ,   2.  ,   2.  ,   2.  ,   2.  ,   2.  ,   2.  ,
         2.  ,   2.  ]), array([  0.,   0.,   0.,   0., 100.,   0.,   0.,   0.,   0.,   0.,   0.,
         0.,   0.,   0.,   0.,   0.,   0.,   0.]), array([  0.,   0.,   0.,   0., 100.,   0.,   0.,   0.,   0.,   0.,   0.,
         0.,   0.,   0.,   0.,   0.,   0.,   0.])]:
UAV1 routes: 5-6-1-0-7-0-9-0-8-0-10-0-3-0-4-0-2-0, cost: 41.21585531851572
UAV2 routes: , cost: 0
UAV3 routes: , cost: 0
Total reward: 41.21585531851572
Total cost: [44.32]
Episode 32:
Customer_x:[[ 3.96]
 [ 6.82]
 [-2.28]
 [ 1.  ]
 [-6.35]
 [ 5.89]
 [-2.86]
 [-4.41]
 [ 5.22]
 [-0.2 ]]:
Customer_y:[[-3.08]
 [-6.01]
 [ 6.39]
 [-8.92]
 [-7.14]
 [-5.63]
 [ 1.64]
 [-2.72]
 [ 1.27]
 [-0.5 ]]:
Customer_d:[[11.31]
 [40.27]
 [37.16]
 [39.82]
 [20.68]
 [13.7 ]
 [36.29]
 [34.55]
 [41.07]
 [28.54]]:
UAV_obs:[array([  2.  ,   0.  ,   1.38,   0.  , 100.  ,   0.9 ,   0.  ,  11.5 ,
         2.  ,   2.  ,   2.  ,   2.  ,   2.  ,   2.  ,   2.  ,   2.  ,
         2.  ,   2.  ]), array([  0.,   0.,   0.,   0., 100.,   0.,   0.,   0.,   0.,   0.,   0.,
         0.,   0.,   0.,   0.,   0.,   0.,   0.]), array([  0.,   0.,   0.,   0., 100.,   0.,   0.,   0.,   0.,   0.,   0.,
         0.,   0.,   0.,   0.,   0.,   0.,   0.])]:
UAV1 routes: 5-6-1-0-7-0-9-0-8-0-10-0-3-0-4-0-2-0, cost: 41.21585531851572
UAV2 routes: , cost: 0
UAV3 routes: , cost: 0
Total reward: 41.21585531851572
Total cost: [44.32]
Episode 33:
Customer_x:[[ 3.96]
 [ 6.82]
 [-2.28]
 [ 1.  ]
 [-6.35]
 [ 5.89]
 [-2.86]
 [-4.41]
 [ 5.22]
 [-0.2 ]]:
Customer_y:[[-3.08]
 [-6.01]
 [ 6.39]
 [-8.92]
 [-7.14]
 [-5.63]
 [ 1.64]
 [-2.72]
 [ 1.27]
 [-0.5 ]]:
Customer_d:[[11.31]
 [40.27]
 [37.16]
 [39.82]
 [20.68]
 [13.7 ]
 [36.29]
 [34.55]
 [41.07]
 [28.54]]:
UAV_obs:[array([  2.  ,   0.  ,   1.44,   0.  , 100.  ,   0.83,   0.  ,   9.11,
         0.  ,   2.  ,   0.  ,   2.  ,   2.  ,   2.  ,   2.  ,   2.  ,
         2.  ,   2.  ]), array([  0.,   0.,   0.,   0., 100.,   0.,   0.,   0.,   0.,   0.,   0.,
         0.,   0.,   0.,   0.,   0.,   0.,   0.]), array([  1.  ,   0.  ,   1.16,   0.  , 100.  ,   0.61,   0.  ,   1.46,
         2.  ,   0.  ,   2.  ,   0.  ,   0.  ,   0.  ,   0.  ,   0.  ,
         0.  ,   0.  ])]:
UAV1 routes: 5-10-0-9-0-7-6-0-8-0-4-0-2-0, cost: 33.327097924768445
UAV2 routes: , cost: 0
UAV3 routes: 3-1-0, cost: 13.444097204958233
Total reward: 46.77119512972668
Total cost: [39.4]
Episode 34:
Customer_x:[[ 3.96]
 [ 6.82]
 [-2.28]
 [ 1.  ]
 [-6.35]
 [ 5.89]
 [-2.86]
 [-4.41]
 [ 5.22]
 [-0.2 ]]:
Customer_y:[[-3.08]
 [-6.01]
 [ 6.39]
 [-8.92]
 [-7.14]
 [-5.63]
 [ 1.64]
 [-2.72]
 [ 1.27]
 [-0.5 ]]:
Customer_d:[[11.31]
 [40.27]
 [37.16]
 [39.82]
 [20.68]
 [13.7 ]
 [36.29]
 [34.55]
 [41.07]
 [28.54]]:
UAV_obs:[array([  2.  ,   0.  ,   1.45,   0.  , 100.  ,   0.82,   0.  ,  12.04,
         2.  ,   2.  ,   2.  ,   2.  ,   2.  ,   2.  ,   2.  ,   2.  ,
         2.  ,   2.  ]), array([  0.,   0.,   0.,   0., 100.,   0.,   0.,   0.,   0.,   0.,   0.,
         0.,   0.,   0.,   0.,   0.,   0.,   0.]), array([  0.,   0.,   0.,   0., 100.,   0.,   0.,   0.,   0.,   0.,   0.,
         0.,   0.,   0.,   0.,   0.,   0.,   0.])]:
UAV1 routes: 5-6-1-0-7-0-9-0-8-0-10-0-3-0-4-0-2-0, cost: 41.114771348143115
UAV2 routes: , cost: 0
UAV3 routes: , cost: 0
Total reward: 41.114771348143115
Total cost: [49.34]
Episode 35:
Customer_x:[[ 3.96]
 [ 6.82]
 [-2.28]
 [ 1.  ]
 [-6.35]
 [ 5.89]
 [-2.86]
 [-4.41]
 [ 5.22]
 [-0.2 ]]:
Customer_y:[[-3.08]
 [-6.01]
 [ 6.39]
 [-8.92]
 [-7.14]
 [-5.63]
 [ 1.64]
 [-2.72]
 [ 1.27]
 [-0.5 ]]:
Customer_d:[[11.31]
 [40.27]
 [37.16]
 [39.82]
 [20.68]
 [13.7 ]
 [36.29]
 [34.55]
 [41.07]
 [28.54]]:
UAV_obs:[array([  2.  ,   0.  ,   1.44,   0.  , 100.  ,   0.82,   0.  ,  10.56,
         2.  ,   2.  ,   2.  ,   2.  ,   2.  ,   2.  ,   2.  ,   0.  ,
         2.  ,   2.  ]), array([  0.,   0.,   0.,   0., 100.,   0.,   0.,   0.,   0.,   0.,   0.,
         0.,   0.,   0.,   0.,   0.,   0.,   0.]), array([  8.  ,   0.  ,   1.36,   0.  , 100.  ,   0.51,   0.  ,   1.44,
         0.  ,   0.  ,   0.  ,   0.  ,   0.  ,   0.  ,   0.  ,   2.  ,
         0.  ,   0.  ])]:
UAV1 routes: 5-6-1-0-7-0-9-0-10-0-3-0-4-0-2-0, cost: 38.08361810049531
UAV2 routes: , cost: 0
UAV3 routes: 8-0, cost: 6.609102512752369
Total reward: 44.69272061324767
Total cost: [48.94]
Episode 36:
Customer_x:[[ 3.96]
 [ 6.82]
 [-2.28]
 [ 1.  ]
 [-6.35]
 [ 5.89]
 [-2.86]
 [-4.41]
 [ 5.22]
 [-0.2 ]]:
Customer_y:[[-3.08]
 [-6.01]
 [ 6.39]
 [-8.92]
 [-7.14]
 [-5.63]
 [ 1.64]
 [-2.72]
 [ 1.27]
 [-0.5 ]]:
Customer_d:[[11.31]
 [40.27]
 [37.16]
 [39.82]
 [20.68]
 [13.7 ]
 [36.29]
 [34.55]
 [41.07]
 [28.54]]:
UAV_obs:[array([  2.  ,   0.  ,   1.51,   0.  , 100.  ,   0.74,   0.  ,  12.56,
         2.  ,   2.  ,   2.  ,   2.  ,   2.  ,   2.  ,   2.  ,   2.  ,
         2.  ,   2.  ]), array([  0.,   0.,   0.,   0., 100.,   0.,   0.,   0.,   0.,   0.,   0.,
         0.,   0.,   0.,   0.,   0.,   0.,   0.]), array([  0.,   0.,   0.,   0., 100.,   0.,   0.,   0.,   0.,   0.,   0.,
         0.,   0.,   0.,   0.,   0.,   0.,   0.])]:
UAV1 routes: 5-6-1-0-7-0-9-0-8-0-10-0-3-0-4-0-2-0, cost: 41.14477210983217
UAV2 routes: , cost: 0
UAV3 routes: , cost: 0
Total reward: 41.14477210983217
Total cost: [54.4]
Episode 37:
Customer_x:[[ 3.96]
 [ 6.82]
 [-2.28]
 [ 1.  ]
 [-6.35]
 [ 5.89]
 [-2.86]
 [-4.41]
 [ 5.22]
 [-0.2 ]]:
Customer_y:[[-3.08]
 [-6.01]
 [ 6.39]
 [-8.92]
 [-7.14]
 [-5.63]
 [ 1.64]
 [-2.72]
 [ 1.27]
 [-0.5 ]]:
Customer_d:[[11.31]
 [40.27]
 [37.16]
 [39.82]
 [20.68]
 [13.7 ]
 [36.29]
 [34.55]
 [41.07]
 [28.54]]:
UAV_obs:[array([  2.  ,   0.  ,   1.51,   0.  , 100.  ,   0.74,   0.  ,  12.56,
         2.  ,   2.  ,   2.  ,   2.  ,   2.  ,   2.  ,   2.  ,   2.  ,
         2.  ,   2.  ]), array([  0.,   0.,   0.,   0., 100.,   0.,   0.,   0.,   0.,   0.,   0.,
         0.,   0.,   0.,   0.,   0.,   0.,   0.]), array([  0.,   0.,   0.,   0., 100.,   0.,   0.,   0.,   0.,   0.,   0.,
         0.,   0.,   0.,   0.,   0.,   0.,   0.])]:
UAV1 routes: 5-6-1-0-7-0-9-0-8-0-10-0-3-0-4-0-2-0, cost: 41.14477210983217
UAV2 routes: , cost: 0
UAV3 routes: , cost: 0
Total reward: 41.14477210983217
Total cost: [54.4]
Episode 38:
Customer_x:[[ 3.96]
 [ 6.82]
 [-2.28]
 [ 1.  ]
 [-6.35]
 [ 5.89]
 [-2.86]
 [-4.41]
 [ 5.22]
 [-0.2 ]]:
Customer_y:[[-3.08]
 [-6.01]
 [ 6.39]
 [-8.92]
 [-7.14]
 [-5.63]
 [ 1.64]
 [-2.72]
 [ 1.27]
 [-0.5 ]]:
Customer_d:[[11.31]
 [40.27]
 [37.16]
 [39.82]
 [20.68]
 [13.7 ]
 [36.29]
 [34.55]
 [41.07]
 [28.54]]:
UAV_obs:[array([  2.  ,   0.  ,   1.57,   0.  , 100.  ,   0.69,   0.  ,  12.62,
         2.  ,   2.  ,   2.  ,   2.  ,   2.  ,   2.  ,   2.  ,   2.  ,
         2.  ,   2.  ]), array([  0.,   0.,   0.,   0., 100.,   0.,   0.,   0.,   0.,   0.,   0.,
         0.,   0.,   0.,   0.,   0.,   0.,   0.]), array([  0.,   0.,   0.,   0., 100.,   0.,   0.,   0.,   0.,   0.,   0.,
         0.,   0.,   0.,   0.,   0.,   0.,   0.])]:
UAV1 routes: 5-6-1-0-7-0-9-0-8-0-10-0-3-0-4-0-2-0, cost: 41.059721875433276
UAV2 routes: , cost: 0
UAV3 routes: , cost: 0
Total reward: 41.059721875433276
Total cost: [55.02]
Episode 39:
Customer_x:[[ 3.96]
 [ 6.82]
 [-2.28]
 [ 1.  ]
 [-6.35]
 [ 5.89]
 [-2.86]
 [-4.41]
 [ 5.22]
 [-0.2 ]]:
Customer_y:[[-3.08]
 [-6.01]
 [ 6.39]
 [-8.92]
 [-7.14]
 [-5.63]
 [ 1.64]
 [-2.72]
 [ 1.27]
 [-0.5 ]]:
Customer_d:[[11.31]
 [40.27]
 [37.16]
 [39.82]
 [20.68]
 [13.7 ]
 [36.29]
 [34.55]
 [41.07]
 [28.54]]:
UAV_obs:[array([  2.  ,   0.  ,   1.58,   0.  , 100.  ,   0.66,   0.  ,  13.04,
         2.  ,   2.  ,   2.  ,   2.  ,   2.  ,   2.  ,   2.  ,   2.  ,
         2.  ,   2.  ]), array([  0.,   0.,   0.,   0., 100.,   0.,   0.,   0.,   0.,   0.,   0.,
         0.,   0.,   0.,   0.,   0.,   0.,   0.]), array([  0.,   0.,   0.,   0., 100.,   0.,   0.,   0.,   0.,   0.,   0.,
         0.,   0.,   0.,   0.,   0.,   0.,   0.])]:
UAV1 routes: 5-6-1-0-7-0-9-0-8-0-10-0-3-0-4-0-2-0, cost: 41.29516843835298
UAV2 routes: , cost: 0
UAV3 routes: , cost: 0
Total reward: 41.29516843835298
Total cost: [59.39]
Episode 40:
Customer_x:[[ 3.96]
 [ 6.82]
 [-2.28]
 [ 1.  ]
 [-6.35]
 [ 5.89]
 [-2.86]
 [-4.41]
 [ 5.22]
 [-0.2 ]]:
Customer_y:[[-3.08]
 [-6.01]
 [ 6.39]
 [-8.92]
 [-7.14]
 [-5.63]
 [ 1.64]
 [-2.72]
 [ 1.27]
 [-0.5 ]]:
Customer_d:[[11.31]
 [40.27]
 [37.16]
 [39.82]
 [20.68]
 [13.7 ]
 [36.29]
 [34.55]
 [41.07]
 [28.54]]:
UAV_obs:[array([  4.  ,   0.  ,   1.57,   0.  , 100.  ,   0.67,   0.  ,   9.86,
         2.  ,   0.  ,   2.  ,   2.  ,   2.  ,   2.  ,   2.  ,   2.  ,
         2.  ,   0.  ]), array([  0.,   0.,   0.,   0., 100.,   0.,   0.,   0.,   0.,   0.,   0.,
         0.,   0.,   0.,   0.,   0.,   0.,   0.]), array([ 10.  ,   0.  ,   1.42,   0.  , 100.  ,   0.57,   0.  ,   3.09,
         0.  ,   2.  ,   0.  ,   0.  ,   0.  ,   0.  ,   0.  ,   0.  ,
         0.  ,   2.  ])]:
UAV1 routes: 5-6-1-0-7-0-9-0-8-0-3-0-4-0, cost: 34.95668091615667
UAV2 routes: , cost: 0
UAV3 routes: 2-0-10-0, cost: 9.328742782352114
Total reward: 44.28542369850879
Total cost: [58.32]
Episode 41:
Customer_x:[[ 3.96]
 [ 6.82]
 [-2.28]
 [ 1.  ]
 [-6.35]
 [ 5.89]
 [-2.86]
 [-4.41]
 [ 5.22]
 [-0.2 ]]:
Customer_y:[[-3.08]
 [-6.01]
 [ 6.39]
 [-8.92]
 [-7.14]
 [-5.63]
 [ 1.64]
 [-2.72]
 [ 1.27]
 [-0.5 ]]:
Customer_d:[[11.31]
 [40.27]
 [37.16]
 [39.82]
 [20.68]
 [13.7 ]
 [36.29]
 [34.55]
 [41.07]
 [28.54]]:
UAV_obs:[array([  2.  ,   0.  ,   1.63,   0.  , 100.  ,   0.6 ,   0.  ,  11.61,
         2.  ,   2.  ,   2.  ,   2.  ,   2.  ,   2.  ,   2.  ,   0.  ,
         2.  ,   2.  ]), array([  0.,   0.,   0.,   0., 100.,   0.,   0.,   0.,   0.,   0.,   0.,
         0.,   0.,   0.,   0.,   0.,   0.,   0.]), array([  8.  ,   0.  ,   1.48,   0.  , 100.  ,   0.46,   0.  ,   1.57,
         0.  ,   0.  ,   0.  ,   0.  ,   0.  ,   0.  ,   0.  ,   2.  ,
         0.  ,   0.  ])]:
UAV1 routes: 5-6-1-0-7-0-9-0-10-0-3-0-4-0-2-0, cost: 38.15685909494306
UAV2 routes: , cost: 0
UAV3 routes: 8-0, cost: 6.423728897959715
Total reward: 44.58058799290277
Total cost: [60.85]
Episode 42:
Customer_x:[[ 3.96]
 [ 6.82]
 [-2.28]
 [ 1.  ]
 [-6.35]
 [ 5.89]
 [-2.86]
 [-4.41]
 [ 5.22]
 [-0.2 ]]:
Customer_y:[[-3.08]
 [-6.01]
 [ 6.39]
 [-8.92]
 [-7.14]
 [-5.63]
 [ 1.64]
 [-2.72]
 [ 1.27]
 [-0.5 ]]:
Customer_d:[[11.31]
 [40.27]
 [37.16]
 [39.82]
 [20.68]
 [13.7 ]
 [36.29]
 [34.55]
 [41.07]
 [28.54]]:
UAV_obs:[array([  2.  ,   0.  ,   1.63,   0.  , 100.  ,   0.6 ,   0.  ,  13.49,
         2.  ,   2.  ,   2.  ,   2.  ,   2.  ,   2.  ,   2.  ,   2.  ,
         2.  ,   2.  ]), array([  0.,   0.,   0.,   0., 100.,   0.,   0.,   0.,   0.,   0.,   0.,
         0.,   0.,   0.,   0.,   0.,   0.,   0.]), array([  0.,   0.,   0.,   0., 100.,   0.,   0.,   0.,   0.,   0.,   0.,
         0.,   0.,   0.,   0.,   0.,   0.,   0.])]:
UAV1 routes: 5-6-1-0-7-0-9-0-8-0-10-0-3-0-4-0-2-0, cost: 41.54812345451512
UAV2 routes: , cost: 0
UAV3 routes: , cost: 0
Total reward: 41.54812345451512
Total cost: [64.21]
Episode 43:
Customer_x:[[ 3.96]
 [ 6.82]
 [-2.28]
 [ 1.  ]
 [-6.35]
 [ 5.89]
 [-2.86]
 [-4.41]
 [ 5.22]
 [-0.2 ]]:
Customer_y:[[-3.08]
 [-6.01]
 [ 6.39]
 [-8.92]
 [-7.14]
 [-5.63]
 [ 1.64]
 [-2.72]
 [ 1.27]
 [-0.5 ]]:
Customer_d:[[11.31]
 [40.27]
 [37.16]
 [39.82]
 [20.68]
 [13.7 ]
 [36.29]
 [34.55]
 [41.07]
 [28.54]]:
UAV_obs:[array([  2.  ,   0.  ,   1.63,   0.  , 100.  ,   0.6 ,   0.  ,  13.49,
         2.  ,   2.  ,   2.  ,   2.  ,   2.  ,   2.  ,   2.  ,   2.  ,
         2.  ,   2.  ]), array([  0.,   0.,   0.,   0., 100.,   0.,   0.,   0.,   0.,   0.,   0.,
         0.,   0.,   0.,   0.,   0.,   0.,   0.]), array([  0.,   0.,   0.,   0., 100.,   0.,   0.,   0.,   0.,   0.,   0.,
         0.,   0.,   0.,   0.,   0.,   0.,   0.])]:
UAV1 routes: 5-6-1-0-7-0-9-0-8-0-10-0-3-0-4-0-2-0, cost: 41.54812345451512
UAV2 routes: , cost: 0
UAV3 routes: , cost: 0
Total reward: 41.54812345451512
Total cost: [64.21]
Episode 44:
Customer_x:[[ 3.96]
 [ 6.82]
 [-2.28]
 [ 1.  ]
 [-6.35]
 [ 5.89]
 [-2.86]
 [-4.41]
 [ 5.22]
 [-0.2 ]]:
Customer_y:[[-3.08]
 [-6.01]
 [ 6.39]
 [-8.92]
 [-7.14]
 [-5.63]
 [ 1.64]
 [-2.72]
 [ 1.27]
 [-0.5 ]]:
Customer_d:[[11.31]
 [40.27]
 [37.16]
 [39.82]
 [20.68]
 [13.7 ]
 [36.29]
 [34.55]
 [41.07]
 [28.54]]:
UAV_obs:[array([  2.  ,   0.  ,   1.68,   0.  , 100.  ,   0.54,   0.  ,  13.74,
         2.  ,   2.  ,   2.  ,   2.  ,   2.  ,   2.  ,   2.  ,   2.  ,
         2.  ,   2.  ]), array([  0.,   0.,   0.,   0., 100.,   0.,   0.,   0.,   0.,   0.,   0.,
         0.,   0.,   0.,   0.,   0.,   0.,   0.]), array([  0.,   0.,   0.,   0., 100.,   0.,   0.,   0.,   0.,   0.,   0.,
         0.,   0.,   0.,   0.,   0.,   0.,   0.])]:
UAV1 routes: 5-6-1-0-7-0-9-0-8-0-10-0-3-0-4-0-2-0, cost: 41.72110023356452
UAV2 routes: , cost: 0
UAV3 routes: , cost: 0
Total reward: 41.72110023356452
Total cost: [67.01]
Episode 45:
Customer_x:[[ 3.96]
 [ 6.82]
 [-2.28]
 [ 1.  ]
 [-6.35]
 [ 5.89]
 [-2.86]
 [-4.41]
 [ 5.22]
 [-0.2 ]]:
Customer_y:[[-3.08]
 [-6.01]
 [ 6.39]
 [-8.92]
 [-7.14]
 [-5.63]
 [ 1.64]
 [-2.72]
 [ 1.27]
 [-0.5 ]]:
Customer_d:[[11.31]
 [40.27]
 [37.16]
 [39.82]
 [20.68]
 [13.7 ]
 [36.29]
 [34.55]
 [41.07]
 [28.54]]:
UAV_obs:[array([  4.  ,   0.  ,   1.68,   0.  , 100.  ,   0.53,   0.  ,  12.11,
         2.  ,   0.  ,   2.  ,   2.  ,   2.  ,   2.  ,   2.  ,   2.  ,
         2.  ,   2.  ]), array([  0.,   0.,   0.,   0., 100.,   0.,   0.,   0.,   0.,   0.,   0.,
         0.,   0.,   0.,   0.,   0.,   0.,   0.]), array([  2.  ,   0.  ,   1.62,   0.  , 100.  ,   0.46,   0.  ,   1.77,
         0.  ,   2.  ,   0.  ,   0.  ,   0.  ,   0.  ,   0.  ,   0.  ,
         0.  ,   0.  ])]:
UAV1 routes: 5-6-1-0-7-0-9-0-8-0-10-0-3-0-4-0, cost: 38.80508194128615
UAV2 routes: , cost: 0
UAV3 routes: 2-0, cost: 5.619043588902808
Total reward: 44.42412553018895
Total cost: [68.48]
Episode 46:
Customer_x:[[ 3.96]
 [ 6.82]
 [-2.28]
 [ 1.  ]
 [-6.35]
 [ 5.89]
 [-2.86]
 [-4.41]
 [ 5.22]
 [-0.2 ]]:
Customer_y:[[-3.08]
 [-6.01]
 [ 6.39]
 [-8.92]
 [-7.14]
 [-5.63]
 [ 1.64]
 [-2.72]
 [ 1.27]
 [-0.5 ]]:
Customer_d:[[11.31]
 [40.27]
 [37.16]
 [39.82]
 [20.68]
 [13.7 ]
 [36.29]
 [34.55]
 [41.07]
 [28.54]]:
UAV_obs:[array([  2.  ,   0.  ,   1.68,   0.  , 100.  ,   0.54,   0.  ,  13.91,
         2.  ,   2.  ,   2.  ,   2.  ,   2.  ,   2.  ,   2.  ,   2.  ,
         2.  ,   2.  ]), array([  0.,   0.,   0.,   0., 100.,   0.,   0.,   0.,   0.,   0.,   0.,
         0.,   0.,   0.,   0.,   0.,   0.,   0.]), array([  0.,   0.,   0.,   0., 100.,   0.,   0.,   0.,   0.,   0.,   0.,
         0.,   0.,   0.,   0.,   0.,   0.,   0.])]:
UAV1 routes: 5-6-1-0-7-0-9-0-8-0-10-0-3-0-4-0-2-0, cost: 41.88884723225862
UAV2 routes: , cost: 0
UAV3 routes: , cost: 0
Total reward: 41.88884723225862
Total cost: [68.78]
Episode 47:
Customer_x:[[ 3.96]
 [ 6.82]
 [-2.28]
 [ 1.  ]
 [-6.35]
 [ 5.89]
 [-2.86]
 [-4.41]
 [ 5.22]
 [-0.2 ]]:
Customer_y:[[-3.08]
 [-6.01]
 [ 6.39]
 [-8.92]
 [-7.14]
 [-5.63]
 [ 1.64]
 [-2.72]
 [ 1.27]
 [-0.5 ]]:
Customer_d:[[11.31]
 [40.27]
 [37.16]
 [39.82]
 [20.68]
 [13.7 ]
 [36.29]
 [34.55]
 [41.07]
 [28.54]]:
UAV_obs:[array([  2.  ,   0.  ,   1.74,   0.  , 100.  ,   0.47,   0.  ,  14.34,
         0.  ,   2.  ,   2.  ,   2.  ,   2.  ,   2.  ,   2.  ,   2.  ,
         2.  ,   2.  ]), array([  0.,   0.,   0.,   0., 100.,   0.,   0.,   0.,   0.,   0.,   0.,
         0.,   0.,   0.,   0.,   0.,   0.,   0.]), array([  1.  ,   0.  ,   1.71,   0.  , 100.  ,   0.33,   0.  ,   1.79,
         2.  ,   0.  ,   0.  ,   0.  ,   0.  ,   0.  ,   0.  ,   0.  ,
         0.  ,   0.  ])]:
UAV1 routes: 5-6-0-7-0-9-0-8-0-10-0-3-0-4-0-2-0, cost: 35.6630850138837
UAV2 routes: , cost: 0
UAV3 routes: 1-0, cost: 6.158214173116352
Total reward: 41.82129918700005
Total cost: [83.69]
Episode 48:
Customer_x:[[ 3.96]
 [ 6.82]
 [-2.28]
 [ 1.  ]
 [-6.35]
 [ 5.89]
 [-2.86]
 [-4.41]
 [ 5.22]
 [-0.2 ]]:
Customer_y:[[-3.08]
 [-6.01]
 [ 6.39]
 [-8.92]
 [-7.14]
 [-5.63]
 [ 1.64]
 [-2.72]
 [ 1.27]
 [-0.5 ]]:
Customer_d:[[11.31]
 [40.27]
 [37.16]
 [39.82]
 [20.68]
 [13.7 ]
 [36.29]
 [34.55]
 [41.07]
 [28.54]]:
UAV_obs:[array([  2.  ,   0.  ,   1.73,   0.  , 100.  ,   0.48,   0.  ,  14.28,
         2.  ,   2.  ,   2.  ,   2.  ,   2.  ,   2.  ,   2.  ,   2.  ,
         2.  ,   2.  ]), array([  0.,   0.,   0.,   0., 100.,   0.,   0.,   0.,   0.,   0.,   0.,
         0.,   0.,   0.,   0.,   0.,   0.,   0.]), array([  0.,   0.,   0.,   0., 100.,   0.,   0.,   0.,   0.,   0.,   0.,
         0.,   0.,   0.,   0.,   0.,   0.,   0.])]:
UAV1 routes: 5-6-1-0-7-0-9-0-8-0-10-0-3-0-4-0-2-0, cost: 42.303545011853465
UAV2 routes: , cost: 0
UAV3 routes: , cost: 0
Total reward: 42.303545011853465
Total cost: [73.14]
Episode 49:
Customer_x:[[ 3.96]
 [ 6.82]
 [-2.28]
 [ 1.  ]
 [-6.35]
 [ 5.89]
 [-2.86]
 [-4.41]
 [ 5.22]
 [-0.2 ]]:
Customer_y:[[-3.08]
 [-6.01]
 [ 6.39]
 [-8.92]
 [-7.14]
 [-5.63]
 [ 1.64]
 [-2.72]
 [ 1.27]
 [-0.5 ]]:
Customer_d:[[11.31]
 [40.27]
 [37.16]
 [39.82]
 [20.68]
 [13.7 ]
 [36.29]
 [34.55]
 [41.07]
 [28.54]]:
UAV_obs:[array([  2.  ,   0.  ,   1.73,   0.  , 100.  ,   0.48,   0.  ,  14.28,
         2.  ,   2.  ,   2.  ,   2.  ,   2.  ,   2.  ,   2.  ,   2.  ,
         2.  ,   2.  ]), array([  0.,   0.,   0.,   0., 100.,   0.,   0.,   0.,   0.,   0.,   0.,
         0.,   0.,   0.,   0.,   0.,   0.,   0.]), array([  0.,   0.,   0.,   0., 100.,   0.,   0.,   0.,   0.,   0.,   0.,
         0.,   0.,   0.,   0.,   0.,   0.,   0.])]:
UAV1 routes: 5-6-1-0-7-0-9-0-8-0-10-0-3-0-4-0-2-0, cost: 42.303545011853465
UAV2 routes: , cost: 0
UAV3 routes: , cost: 0
Total reward: 42.303545011853465
Total cost: [73.14]
